# Created by Octave 5.2.0, Mon Apr 13 00:14:51 2020 GMT <unknown@LAPTOP-IPDHEHE9>
# name: login
# type: matrix
# rows: 0
# columns: 0


# name: password
# type: matrix
# rows: 0
# columns: 0


